00000000000100000000001010010011
00000000001000101001001100010011
00000000001000110010001110010011
00000000001000110011010000010011
00000000000100110100010010010011
00000000000100110101010100010011
01000000000100110101010110010011
00000000000100110110011000010011
00000000001100110111011010010011
00000000101100001000011100110011
01000000101100001000011110110011
00000000110000001001100000110011
00000000101100001010100010110011
00000000101100001011100100110011
00000000101100001100100110110011
00000000110000001101101000110011
01000000110000001101101010110011
00000000101100001110101100110011
00000000101100001111101110110011
00000000000000000000000010000011
00000000001000000001000010000011
00000000000000000010000010000011
00000000001100000100000010000011
00000000000000000101000010000011
00000000000100000000000000100011
00000000000100000001000100100011
00000000000100000010000000100011
00000000000100001000110001100011
00000000000100001001101001100011
00000000001000001100100001100011
00000000000000001101011001100011
00000000000100001110010001100011
00000000000100001111001001100011
11111110110111111111000001101111
00000001000000100000000001100111
